x =

   80.0000   27.0000   58.9000
   80.0000   27.0000   58.8000
   75.0000   25.0000   59.0000
   62.0000   24.0000   58.7000
   62.0000   22.0000   58.7000
   62.0000   23.0000   58.7000
   62.0000   24.0000   59.3000
   62.0000   24.0000   59.3000
   58.0000   23.0000   58.7000
   58.0000   18.0000   58.0000
   58.0000   18.0000   58.9000
   58.0000   17.0000   58.8000
   58.0000   18.0000   58.2000
   58.0000   19.0000   59.3000
   50.0000   18.0000   58.9000
   50.0000   18.0000   58.6000
   50.0000   19.0000   57.2000
   50.0000   19.0000   57.9000
   50.0000   20.0000   58.0000
   56.0000   20.0000   58.2000
   70.0000   20.0000   59.1000

y =

    4.2000
    3.7000
    3.7000
    2.8000
    1.8000
    1.8000
    1.9000
    2.0000
    1.5000
    1.4000
    1.4000
    1.3000
    1.1000
    1.2000
    0.8000
    0.7000
    0.8000
    0.8000
    0.9000
    1.5000
    1.5000