x =

   93.9900   80.1600   78.5900   77.5500   75.7200   66.0600   63.7100   26.6300   58.2200   57.4400   52.7400   49.8700   49.3500

   31.8500   31.3300   22.4500   21.4100   20.6300   22.1900   23.2400   26.6300   26.6300   26.8900   27.4200   30.0300   31.3300

   30.8100   32.3800   32.9000   32.3800   32.1100   32.9000   33.9400   33.9400   37.8600   38.9000   39.9500   40.7300   43.0800

   44.1300   46.2100   47.2600   47.0000   48.0400   48.3000   49.6100   51.4400   52.2200   54.8300   56.6600   57.4400   59.7900

   69.4500   70.7600   72.3200   73.8900   74.6700   77.0200   79.6300   81.7200   65.8000   63.9700   59.0100   54.5700   53.2600

   52.4800   51.4400   50.3900   49.6100   44.9100   43.8600   43.0800   41.5100   38.9000   36.8100   35.2500   30.5500   30.2900

   28.7200   25.5900   23.7600    7.3100   11.2300   33.6800   35.7700   36.8100   37.0800   38.3800   37.8600   38.9000   40.9900

   47.0000   50.1300   52.2200   53.2600   56.1400   69.4500   69.4500   70.5000   71.2800   73.3700   74.1500   74.6700   74.6700

   86.1600   86.6800   87.2100   90.3400   90.8600   86.9500   81.2000   79.9000   79.3700   78.3300   75.4600   72.8500   71.2800

   67.8900   61.6200   60.5700   59.7900   57.9600   53.7900   52.4800   51.7000   47.0000   45.9500   44.9100   35.7700   22.4500

   21.4100   21.9300   21.1500   21.6700   19.3200   16.7100   14.1000   13.3200    9.9200    7.0500    2.3500   21.1500   22.1900

   29.2400   30.2900   32.1100   39.4300   40.2100   40.4700   42.0400   43.0800   42.8200   47.5200   51.1700   52.4800   56.6600

   59.7900   63.1900   63.7100   63.9700   70.7600   50.1300   47.5200   45.4300   32.6400   31.3300   31.5900   31.0700

y = 
   92.6400   94.8100   90.4800   91.7700   91.7700   92.6400   90.4800   69.7000   88.3100   92.2100   91.7700   90.4800   89.6100

   89.6100   87.4500   87.4500   86.5800   85.7100   81.3900   82.6800   84.8500   83.9800   83.1200   81.8200   84.4200   84.4200

   83.9800   82.6800   80.9500   79.2200   76.1900   76.6200   85.7100   83.5500   81.8200   80.5200   80.0900   83.1200   75.3200

   80.5200   80.9500   81.8200   80.9500   80.0900   80.9500   84.8500   83.5500   82.6800   84.8500   87.8800   81.3900   87.4500

   79.6500   81.8200   80.5200   82.2500   80.5200   87.8800   87.8800   77.4900   62.3400   70.5600   63.2000   63.6400   67.5300

   59.3100   61.4700   74.8900   74.0300   60.6100   60.1700   59.3100   61.4700   71.0000   67.1000   70.1300   67.5300   71.4300

   61.0400   69.2600   67.9700   51.5200   52.8100   50.2200   46.7500   45.4500   56.2800   54.9800   50.2200   51.5200   52.3800

   48.9200   57.1400   56.2800   55.4100   56.7100   51.9500   50.2200   50.6500   50.6500   48.4800   48.4800   46.3200   45.8900

   51.0800   50.6500   51.5200   51.9500   50.6500   41.9900   39.3900   42.8600   36.8000   38.1000   43.7200   41.1300   44.1600

   29.0000   32.9000   34.6300   33.7700   35.9300   30.3000   37.6600   36.3600   37.2300   35.9300   33.3300   32.0300   38.5300

   38.1000   35.0600   35.9300   30.3000   28.5700   40.2600   41.1300   35.5000   34.2000   37.2300   38.9600   16.0200   14.2900

   16.8800   25.1100   25.5400   27.7100   26.4100   26.4100   25.1100   24.2400   16.0200   16.4500   25.1100   25.9700   27.2700

   22.0800   23.8100   22.5100   27.2700   24.6800   10.3900   12.1200   14.2900    8.2300    7.3600    6.4900    8.2300


cardpoly = 

   95.3000   93.1000
   95.6000   93.5000
   95.6000   93.9000
   95.0000   94.8000
   93.2000   94.8000
   93.0000   95.2000
   91.1000   95.2000
   90.9000   95.7000
   89.0000   95.7000
   88.8000   96.1000
   86.9000   96.1000
   86.7000   96.5000
   84.9000   96.5000
   84.6000   97.0000
   82.8000   97.0000
   82.5000   97.4000
   80.2000   97.4000
   79.9000   97.0000
   76.5000   97.0000
   76.2000   96.5000
   73.1000   96.5000
   72.8000   96.1000
   69.5000   96.1000
   69.2000   95.7000
   66.1000   95.7000
   65.8000   95.2000
   62.4000   95.2000
   62.1000   94.8000
   59.0000   94.8000
   58.7000   94.4000
   55.4000   94.4000
   55.1000   93.9000
   51.7000   93.9000
   51.4000   93.5000
   48.3000   93.5000
   48.0000   93.1000
   44.6000   93.1000
   44.4000   92.6000
   41.3000   92.6000
   41.0000   92.2000
   37.6000   92.2000
   37.3000   91.8000
   34.2000   91.8000
   33.9000   91.3000
   30.5000   91.3000
   30.3000   90.9000
   27.2000   90.9000
   26.9000   90.5000
   23.5000   90.5000
   23.2000   90.0000
   21.7000   90.0000
   21.4000   89.6000
   21.4000   89.2000
   20.9000   88.3000
   20.9000   87.9000
   20.4000   87.0000
   20.4000   86.6000
   19.8000   85.7000
   19.8000   85.3000
   19.6000   84.8000
   19.6000   84.4000
   19.1000   83.5000
   19.1000   83.1000
   18.5000   82.3000
   18.5000   81.8000
   18.0000   81.0000
   18.0000   80.5000
   17.5000   79.7000
   17.5000   79.2000
   17.0000   78.4000
   17.0000   77.9000
   16.4000   77.1000
   16.4000   76.6000
   16.2000   76.2000
   16.2000   75.8000
   15.7000   74.9000
   15.7000   74.5000
   15.1000   73.6000
   15.1000   73.2000
   14.6000   72.3000
   14.6000   71.9000
   14.1000   71.0000
   14.1000   70.6000
   13.6000   69.7000
   13.6000   69.3000
   13.1000   68.4000
   13.1000   68.0000
   12.8000   67.5000
   12.8000   67.1000
   12.3000   66.2000
   12.3000   65.8000
   11.7000   64.9000
   11.7000   64.5000
   11.2000   63.6000
   11.2000   63.2000
   10.7000   62.3000
   10.7000   61.9000
   10.2000   61.0000
   10.2000   60.6000
    9.7000   59.7000
    9.7000   59.3000
    9.4000   58.9000
    9.4000   58.4000
    8.9000   57.6000
    8.9000   57.1000
    8.4000   56.3000
    8.4000   55.8000
    7.8000   55.0000
    7.8000   54.5000
    7.3000   53.7000
    7.3000   53.2000
    6.8000   52.4000
    6.8000   51.9000
    6.3000   51.1000
    6.3000   50.6000
    6.0000   50.2000
    6.0000   49.8000
    5.5000   48.9000
    5.5000   48.5000
    5.0000   47.6000
    5.0000   47.2000
    4.4000   46.3000
    4.4000   45.9000
    3.9000   45.0000
    3.9000   44.6000
    3.4000   43.7000
    3.4000   43.3000
    2.9000   42.4000
    2.9000   42.0000
    2.6000   41.6000
    2.6000   41.1000
    2.1000   40.3000
    2.1000   39.8000
    1.6000   39.0000
    1.6000   38.5000
    1.0000   37.7000
    1.0000   37.2000
    0.8000   36.8000
    1.6000   35.5000
    1.8000   35.5000
    2.3000   34.6000
    2.6000   34.6000
    3.1000   33.8000
    3.4000   33.8000
    3.7000   33.3000
    3.9000   33.3000
    4.4000   32.5000
    4.7000   32.5000
    5.2000   31.6000
    5.5000   31.6000
    6.0000   30.7000
    6.3000   30.7000
    6.8000   29.9000
    7.0000   29.9000
    7.6000   29.0000
    7.8000   29.0000
    8.4000   28.1000
    8.6000   28.1000
    9.1000   27.3000
    9.4000   27.3000
    9.7000   26.8000
    9.9000   26.8000
   10.4000   26.0000
   10.7000   26.0000
   11.2000   25.1000
   11.5000   25.1000
   12.0000   24.2000
   12.3000   24.2000
   12.8000   23.4000
   13.1000   23.4000
   13.6000   22.5000
   13.8000   22.5000
   14.4000   21.6000
   14.6000   21.6000
   15.1000   20.8000
   15.4000   20.8000
   15.7000   20.3000
   15.9000   20.3000
   16.4000   19.5000
   16.7000   19.5000
   17.2000   18.6000
   17.5000   18.6000
   18.0000   17.7000
   18.3000   17.7000
   18.8000   16.9000
   19.1000   16.9000
   19.6000   16.0000
   19.8000   16.0000
   20.4000   15.2000
   20.6000   15.2000
   20.9000   14.7000
   21.1000   14.7000
   21.7000   13.9000
   21.9000   13.9000
   22.5000   13.0000
   22.7000   13.0000
   23.2000   12.1000
   23.5000   12.1000
   24.0000   11.3000
   24.3000   11.3000
   24.8000   10.4000
   25.1000   10.4000
   25.6000    9.5000
   25.8000    9.5000
   26.4000    8.7000
   26.6000    8.7000
   26.9000    8.2000
   27.2000    8.2000
   27.7000    7.4000
   27.9000    7.4000
   28.5000    6.5000
   28.7000    6.5000
   29.8000    4.8000
   30.0000    4.8000
   30.3000    5.2000
   30.5000    4.8000
   30.8000    5.2000
