ozone =

   41.0000   36.0000   12.0000   18.0000   23.0000   19.0000    8.0000   16.0000

   11.0000   14.0000   18.0000   14.0000   34.0000    6.0000   30.0000   11.0000

    1.0000   11.0000    4.0000   32.0000   23.0000   45.0000  115.0000   37.0000

   29.0000   71.0000   39.0000   23.0000   21.0000   37.0000   20.0000   12.0000

   13.0000  135.0000   49.0000   32.0000   64.0000   40.0000   77.0000   97.0000

   97.0000   85.0000   10.0000   27.0000    7.0000   48.0000   35.0000   61.0000

   79.0000   63.0000   16.0000   80.0000  108.0000   20.0000   52.0000   82.0000

   50.0000   64.0000   59.0000   39.0000    9.0000   16.0000  122.0000   89.0000

  110.0000   44.0000   28.0000   65.0000   22.0000   59.0000   23.0000   31.0000

  44.0000   21.0000    9.0000   45.0000  168.0000   73.0000   76.0000  118.0000

   84.0000   85.0000   96.0000   78.0000   73.0000   91.0000   47.0000   32.0000

   20.0000   23.0000   21.0000   24.0000   44.0000   21.0000   28.0000    9.0000

   13.0000   46.0000   18.0000   13.0000   24.0000   16.0000   13.0000   23.0000

    36.0000    7.0000   14.0000   30.0000   14.0000   18.0000   20.0000

wind =

    7.4000    8.0000   12.6000   11.5000    8.6000   13.8000   20.1000    9.7000

    9.2000   10.9000   13.2000   11.5000   12.0000   18.4000   11.5000    9.7000

    9.7000   16.6000    9.7000   12.0000   12.0000   14.9000    5.7000    7.4000

    9.7000   13.8000   11.5000    8.0000   14.9000   20.7000    9.2000   11.5000

   10.3000    4.0000    9.2000    9.2000    4.6000   10.9000    5.1000    6.3000

    5.7000    7.4000   14.3000   14.9000   14.3000    6.9000   10.3000    6.3000

    5.1000   11.5000    6.9000    8.6000    8.0000    8.6000   12.0000    7.4000

    7.4000    7.4000    9.2000    6.9000   13.8000    7.4000    4.0000   10.3000

    8.0000   11.5000   11.5000    9.7000   10.3000    6.3000    7.4000   10.9000

   10.3000   15.5000   14.3000    9.7000    3.4000    8.0000    9.7000    2.3000

    6.3000    6.3000    6.9000    5.1000    2.8000    4.6000    7.4000   15.5000

   10.9000   10.3000   10.9000    9.7000   14.9000   15.5000    6.3000   10.9000

   11.5000    6.9000   13.8000   10.3000   10.3000    8.0000   12.6000    9.2000

   10.3000   10.3000   16.6000    6.9000   14.3000    8.0000   11.5000
