x =

   -8.7815   -8.7268   -8.6670   -8.6631   -8.5674   -8.5110   -8.4735   -8.3632

   -8.2473   -8.1654   -8.1077   -7.9714   -7.8861   -7.8239   -7.6761   -7.5880

   -7.5229   -7.3528   -7.2834   -7.2188   -7.1151   -7.0721   -6.9957   -6.9559

   -6.9208   -6.8601   -6.8356   -6.8153   -6.7742   -6.6919   -6.6840   -6.6611

   -6.6289   -6.5317   -6.5200   -6.4789   -6.3925   -6.3787   -6.3555   -6.3239

   -6.3008   -6.2241   -6.2041   -6.1595   -6.1181   -6.1095   -6.0674   -6.0659

   -5.9914   -5.9535   -5.9101   -5.8539   -5.7983   -5.7523   -5.6421   -5.5986

   -5.4827   -5.2906   -5.1718   -5.1324   -5.0314   -4.9743   -4.8517   -4.8114

   -4.6807   -4.6445   -4.5171   -4.3586   -4.3584   -4.3298   -4.3241   -4.2906

   -4.1436   -4.0983   -3.9285   -3.8851   -3.7091   -3.6617   -3.4995   -3.4084

   -3.2644   -3.1320

y =

    0.7668    0.7739    0.7681    0.7633    0.7675    0.7665    0.7678    0.7705

    0.7697    0.7703    0.7713    0.7700    0.7702    0.7736    0.7749    0.7761

    0.7775    0.7796    0.7809    0.7841    0.7975    0.7897    0.7961    0.8053

    0.7971    0.8116    0.8061    0.8162    0.8131    0.8253    0.8301    0.8377

    0.8329    0.8460    0.8515    0.8498    0.8602    0.8664    0.8667    0.8641

    0.8692    0.8751    0.8766    0.8741    0.8809    0.8859    0.8809    0.8834

    0.8804    0.8872    0.8856    0.8885    0.8959    0.8898    0.8900    0.8919

    0.8913    0.8934    0.8959    0.8964    0.8910    0.8940    0.8971    0.8963

    0.8977    0.8957    0.9021    0.9052    0.9039    0.9035    0.9072    0.9047

    0.9090    0.9074    0.9078    0.9129    0.9139    0.9119    0.9199    0.9209

    0.9228    0.9219