accel =

         0   -1.3000   -2.7000         0   -2.7000   -2.7000   -2.7000   -1.3000

   -2.7000   -2.7000   -1.3000   -2.7000   -2.7000   -2.7000   -5.4000   -2.7000

   -5.4000         0   -2.7000   -2.7000         0  -13.3000   -5.4000   -5.4000

   -9.3000  -16.0000  -22.8000   -2.7000  -22.8000  -32.1000  -53.5000  -54.9000

  -40.2000  -21.5000  -21.5000  -50.8000  -42.9000  -26.8000  -21.5000  -50.8000

  -61.7000   -5.4000  -80.4000  -59.0000  -71.0000  -91.1000  -77.7000  -37.5000

  -85.6000 -123.1000 -101.9000  -99.1000 -104.4000 -112.5000  -50.8000 -123.1000

  -85.6000  -72.3000 -127.2000 -123.1000 -117.9000 -134.0000 -101.9000 -108.4000

 -123.1000 -123.1000 -128.5000 -112.5000  -95.1000  -81.8000  -53.5000  -64.4000

  -57.6000  -72.3000  -44.3000  -26.8000   -5.4000 -107.1000  -21.5000  -65.6000

  -16.0000  -45.6000  -24.2000    9.5000    4.0000   12.0000  -21.5000   37.5000

   46.9000  -17.4000   36.2000   75.0000    8.1000   54.9000   48.2000   46.9000

   16.0000   45.6000    1.3000   75.0000  -16.0000  -54.9000   69.6000   34.8000

   32.1000  -37.5000   22.8000   46.9000   10.7000    5.4000   -1.3000  -21.5000

  -13.3000   30.8000  -10.7000   29.4000         0  -10.7000   14.7000   -1.3000

         0   10.7000   10.7000  -26.8000  -14.7000  -13.3000         0   10.7000

  -14.7000   -2.7000   10.7000   -2.7000   10.7000

time =

    2.4000    2.6000    3.2000    3.6000    4.0000    6.2000    6.6000    6.8000

    7.8000    8.2000    8.8000    8.8000    9.6000   10.0000   10.2000   10.6000

   11.0000   11.4000   13.2000   13.6000   13.8000   14.6000   14.6000   14.6000

   14.6000   14.6000   14.6000   14.8000   15.4000   15.4000   15.4000   15.4000

   15.6000   15.6000   15.8000   15.8000   16.0000   16.0000   16.2000   16.2000

   16.2000   16.4000   16.4000   16.6000   16.8000   16.8000   16.8000   17.6000

   17.6000   17.6000   17.6000   17.8000   17.8000   18.6000   18.6000   19.2000

   19.4000   19.4000   19.6000   20.2000   20.4000   21.2000   21.4000   21.8000

   22.0000   23.2000   23.4000   24.0000   24.2000   24.2000   24.6000   25.0000

   25.0000   25.4000   25.4000   25.6000   26.0000   26.2000   26.2000   26.4000

   27.0000   27.2000   27.2000   27.2000   27.6000   28.2000   28.4000   28.4000

   28.6000   29.4000   30.2000   31.0000   31.2000   32.0000   32.0000   32.8000

   33.4000   33.8000   34.4000   34.8000   35.2000   35.2000   35.4000   35.6000

   35.6000   36.2000   36.2000   38.0000   38.0000   39.2000   39.4000   40.0000

   40.4000   41.6000   41.6000   42.4000   42.8000   42.8000   43.0000   44.0000

   44.4000   45.0000   46.6000   47.8000   47.8000   48.8000   50.6000   52.0000

   53.2000   55.0000   55.0000   55.4000   57.6000