
females =

   23.0000   27.9000
   39.0000   31.4000
   41.0000   25.9000
   49.0000   25.2000
   50.0000   31.1000
   53.0000   34.7000
   53.0000   42.0000
   54.0000   29.1000
   56.0000   32.5000
   57.0000   30.3000
   58.0000   33.0000
   58.0000   33.8000
   60.0000   41.1000
   61.0000   34.5000

males =

   23.0000    9.5000
   27.0000    7.8000
   27.0000   17.8000
   45.0000   27.4000
