
law =

  653.0000    3.1200
  576.0000    3.3900
  635.0000    3.3000
  661.0000    3.4300
  605.0000    3.1300
  578.0000    3.0300
  572.0000    2.8800
  545.0000    2.7600
  651.0000    3.3600
  555.0000    3.0000
  580.0000    3.0700
  594.0000    2.9600
  666.0000    3.4400
  558.0000    2.8100
  575.0000    2.7400
