gpa =

    3.2300    2.8300    3.2400    3.1200    3.0900    3.3900    3.1000    3.4000

    2.9700    2.9100    3.1100    3.2400    3.3000    3.2200    3.4300    2.9100

    3.2300    3.4700    3.1500    3.3300    2.9900    3.1900    3.0300    3.0100

    3.3900    3.4100    3.0400    3.2900    3.1600    3.1700    3.1300    3.3600

    2.5700    3.0200    3.0300    2.8800    3.3700    3.2000    3.2300    2.9800

    3.1100    2.9200    2.8500    3.3800    2.7600    3.2700    3.3600    3.1900

    3.1700    3.0000    3.1100    3.0700    2.9600    3.0500    2.9300    3.2800

    3.0100    3.2100    3.3200    3.2400    3.0300    3.3300    3.0800    3.1300

    3.0100    3.3000    3.1500    2.8200    3.2000    3.4400    3.0100    2.9200

    3.4500    3.1500    3.5000    3.1600    3.1900    3.1500    2.8100    3.1600

    3.0200    2.7400

lsat=

   622   542   579   653   606   576   620   615   553   607   558   596   635   581

   661   547   599   646   622   611   546   614   628   575   662   627   608   632

   587   581   605   704   477   591   578   572   615   606   603   535   595   575

   573   644   545   645   651   562   609   555   586   580   594   594   560   641

   512   631   597   621   617   637   572   610   562   635   614   546   598   666

   570   570   605   565   686   608   595   590   558   611   564   575