
measure =

         34.00         30.00         32.00
         37.00         32.00         37.00
         38.00         30.00         36.00
         36.00         33.00         39.00
         38.00         29.00         33.00
         43.00         32.00         38.00
         40.00         33.00         42.00
         38.00         30.00         40.00
         40.00         30.00         37.00
         41.00         32.00         39.00
         36.00         24.00         35.00
         36.00         25.00         37.00
         34.00         24.00         37.00
         33.00         22.00         34.00
         36.00         26.00         38.00
         37.00         26.00         37.00
         34.00         25.00         38.00
         36.00         26.00         37.00
         38.00         28.00         40.00
         35.00         23.00         35.00
