
moths =

         47.00
         65.00
         54.00
         21.00
         67.00
         71.00
         16.00
         21.00
         39.00
         37.00
         24.00
         46.00
         34.00
         29.00
         21.00
         41.00
         34.00
         47.00
         49.00
         24.00
         20.00
         22.00
         37.00
         19.00
