
X =

          2.03          3.59
          7.47          7.47
          7.14          9.41
         31.08         49.53
          7.15          7.15
          4.13          9.29
          6.25          6.25
         10.24         14.15
         11.38         17.22
         14.35         14.35
         17.50         17.50
          9.03          9.03
         10.34         14.17
          6.51         34.35
         14.35         20.34
          4.15          4.15
         15.32         15.32
          8.59          8.59
          2.59          2.59
          1.23          1.23
         11.49         11.49
         10.51         38.04
          0.51          0.51
          7.03          7.03
         32.27         42.21
          5.47         25.59
          1.39          1.39
          2.54          2.54
         10.09         10.09
          3.53          6.26
         10.21         10.21
          5.31         11.16
          3.26          3.26
          2.35          2.35
          8.32         14.34
         13.48         49.45
          6.25         15.05
          7.01          7.01
          8.52          8.52
          0.45          0.45
         12.08         12.08
         19.39         10.42
