okblx =

        346.00        263.00        164.00        164.00        162.00        185.00

        184.00        334.00        255.00        253.00        267.00        293.00

        270.00        255.00        246.00        237.00        171.00        147.00

        160.00        172.00        198.00        266.00        258.00        287.00

        295.00        287.00        272.00        289.00        273.00        265.00

        265.00        283.00        286.00        287.00        283.00        280.00

        266.00        198.00        337.00        186.00        178.00        249.00

        264.00        246.00        243.00        244.00        239.00        170.00

        193.00        184.00        186.00        182.00        308.00        337.00

        382.00        331.00        318.00        317.00        315.00        310.00

        308.00        304.00        301.00        290.00        310.00        310.00

        304.00        305.00        283.00        278.00        267.00        274.00

        268.00        265.00        283.00        275.00        281.00        287.00

        282.00        288.00        272.00        268.00        272.00        267.00

        270.00        270.00        295.00        302.00        305.00        309.00

        301.00        304.00        301.00        319.00        315.00        312.00

        319.00        315.00        321.00        318.00        301.00        308.00

        308.00        308.00        312.00        299.00        295.00        246.00

        253.00        244.00        249.00        253.00        117.00        154.00

        259.00        252.00        243.00        249.00        256.00        245.00

        249.00        242.00        246.00        245.00        249.00        248.00

        256.00        263.00        233.00        235.00        289.00        169.00

        167.00        111.00        304.00        244.00        246.00        277.00

        273.00        281.00        286.00        308.00        312.00        238.00

        241.00        295.00        309.00

okbly =

        331.00        317.00        304.00        296.00        292.00        294.00

        287.00        294.00        287.00        286.00        281.00        281.00

        276.00        273.00        274.00        270.00        269.00        273.00

        260.00        260.00        260.00        259.00        255.00        255.00

        255.00        251.00        252.00        246.00        245.00        245.00

        242.00        243.00        243.00        240.00        240.00        240.00

        240.00        241.00        238.00        236.00        235.00        227.00

        224.00        223.00        223.00        219.00        218.00        226.00

        223.00        222.00        220.00        219.00        219.00        215.00

        215.00        214.00        214.00        214.00        214.00        214.00

        215.00        214.00        214.00        214.00        211.00        210.00

        209.00        211.00        211.00        211.00        213.00        209.00

        209.00        209.00        208.00        205.00        204.00        204.00

        202.00        201.00        202.00        202.00        201.00        200.00

        199.00        196.00        209.00        209.00        209.00        206.00

        205.00        204.00        204.00        204.00        204.00        201.00

        201.00        199.00        199.00        197.00        197.00        199.00

        197.00        195.00        195.00        195.00        195.00        202.00

        200.00        196.00        196.00        195.00        196.00        196.00

        192.00        192.00        192.00        191.00        190.00        188.00

        188.00        187.00        186.00        183.00        183.00        179.00

        184.00        183.00        186.00        183.00        187.00        186.00

        183.00        173.00        174.00        165.00        156.00        155.00

        151.00        151.00        151.00        152.00        152.00        138.00

        129.00        125.00        113.00