okwhx =

        164.00        166.00        224.00        328.00        161.00        151.00

        184.00        267.00        269.00        182.00        140.00        176.00

        211.00        197.00        224.00        141.00        170.00        235.00

        190.00        186.00        195.00        189.00        165.00        148.00

        234.00        243.00        229.00        235.00        222.00        231.00

        232.00        176.00        163.00        190.00        118.00        234.00

        237.00        143.00        143.00        151.00        169.00        194.00

        232.00        210.00        200.00        227.00        229.00        234.00

        239.00        243.00        210.00        238.00        202.00        195.00

        155.00        212.00        183.00        309.00        163.00        188.00

        218.00        248.00        292.00        293.00        236.00        188.00

        154.00        157.00        159.00        173.00        220.00        224.00

        228.00        237.00        240.00        143.00        239.00        252.00

        259.00        252.00        247.00        190.00        178.00        189.00

        178.00        190.00        183.00        187.00        180.00        190.00

        187.00        239.00        275.00        215.00        242.00        260.00

        252.00        238.00        199.00        191.00        171.00        199.00

        216.00        240.00

okwhy =

        341.00        333.00        326.00        333.00        290.00        285.00

        283.00        281.00        276.00        270.00        269.00        260.00

        259.00        252.00        250.00        242.00        236.00        236.00

        232.00        229.00        227.00        224.00        226.00        224.00

        231.00        229.00        228.00        226.00        226.00        222.00

        219.00        222.00        219.00        218.00        222.00        209.00

        205.00        200.00        197.00        193.00        195.00        195.00

        191.00        188.00        187.00        184.00        183.00        183.00

        186.00        183.00        181.00        163.00        159.00        159.00

        155.00        151.00        149.00        145.00        140.00        137.00

        136.00        133.00        137.00        136.00        131.00        131.00

        128.00        128.00        128.00        129.00        128.00        129.00

        129.00        127.00        124.00        111.00        111.00        109.00

        104.00        104.00        104.00        104.00        100.00        100.00

         96.00         95.00         95.00         93.00         91.00         90.00

         87.00         93.00         84.00         81.00         79.00         78.00

         77.00         75.00         72.00         72.00         65.00         65.00

         64.00         64.00
