X =

          3.00          4.70          8.30          9.30          9.90         11.00

         12.30         12.50         12.60         15.90         16.70         18.80

         18.80         18.90         21.70         21.90         22.80         24.20

         25.80         30.60         36.20         39.80         44.30         46.80

         46.80         58.10         62.30         70.60         71.10         71.30

         83.20         83.60         99.50        111.20

Y =

         99.97         99.98         99.98         99.97         99.96         99.96

         99.96         99.97         99.89         99.96         99.98         99.97

         99.94         99.93         99.91         99.97         99.98         99.93

         99.86         99.99         99.96         99.91         99.86         99.86

         99.81         99.88         99.80         99.86         99.79         99.82

         99.83         99.72         99.64         99.66
