
quakes =

        840.00        157.00        145.00         44.00         33.00        121.00

        150.00        280.00        434.00        736.00        584.00        887.00

        263.00       1901.00        695.00        294.00        562.00        721.00

         76.00        710.00         46.00        402.00        194.00        759.00

        319.00        460.00         40.00       1336.00        335.00       1354.00

        454.00         36.00        667.00         40.00        556.00         99.00

        304.00        375.00        567.00        139.00        780.00        203.00

        436.00         30.00        384.00        129.00          9.00        209.00

        599.00         83.00        832.00        328.00        246.00       1617.00

        638.00        937.00        735.00         38.00        365.00         92.00

         82.00        220.00
