snowfall =

        126.40         82.40         78.10         51.10         90.90         76.20

        104.50         87.40        110.50         25.00         69.30         53.50

         39.80         63.60         46.70         72.90         79.60         83.60

         80.70         60.30         79.00         74.40         49.60         54.70

         71.80         49.10        103.90         51.60         82.40         83.60

         77.80         79.30         89.60         85.50         58.00        120.70

        110.50         65.40         39.90         40.10         88.70         71.40

         83.00         55.90         89.90         84.80        105.20        113.70

        124.70        114.50        115.60        102.40        101.40         89.80

         71.50         70.90         98.30         55.50         66.10         78.40

        120.50         97.00        110.00