
spatial =

         48.00         36.00         20.00         29.00         42.00         42.00

         20.00         42.00         22.00         41.00         45.00         14.00

          6.00             0         33.00         28.00         34.00          4.00

         32.00         24.00         47.00         41.00         24.00         26.00

         30.00         41.00
